ATM=0.068046
Bar=0.0689476