Dolares=0.00075
Euro=0.00070
Libras_Esterlinas=0,0000060
Yuan=0,0055